SVO_AN
(25,0.0)(50,0.0)(75,0.0)
(100,0.0)(125,0.0062)(150,0.0)
(175,0.0)(200,0.0)(225,0.0)
(250,0.0062)(275,0.031)(300,1.2481)
(325,44.4831)(350,100.0)(375,100.0)
(400,100.0)(425,100.0)(450,100.0)

SVO_NA
(25,0.0)(50,0.0)(75,0.0)
(100,0.0)(125,0.0)(150,0.0)
(175,0.0)(200,0.0)(225,0.0062)
(250,0.0186)(275,0.0248)(300,0.2111)
(325,8.3763)(350,9.2269)(375,47.8112)
(400,100.0)(425,100.0)(450,100.0)

SOV_AN
(25,0.0)(50,0.0)(75,0.0)
(100,0.0)(125,0.0062)(150,0.0)
(175,0.0)(200,0.0186)(225,3.8373)
(250,2.9742)(275,14.6228)(300,99.882)
(325,100.0)(350,100.0)(375,100.0)
(400,100.0)(425,100.0)(450,100.0)

SOV_NA
(25,0.0)(50,0.0)(75,0.0)
(100,0.0)(125,0.0)(150,0.0)
(175,0.0)(200,0.0)(225,0.0062)
(250,0.0124)(275,0.0186)(300,0.3663)
(325,0.2856)(350,14.7532)(375,40.9749)
(400,100.0)(425,100.0)(450,100.0)

